82214571
82214651
82214913
207090541
486653769
497009751
82214936
207090564
82215048
497009852
207090582
207090591
82215089
497010045
207090610
497010074
82215090
207090622
497010190
82215100
207090634
82215121
497010238
82215122
207090646
82215210
207090669
82215211
497010369
207090683
82215231
497010469
207090693
82215256
497010541
497010543
207090709
497010619
207090724
82215257
497010672
82215260
207090740
82215261
207090747
207090761
207090776
82215425
207090797
207090809
82215432
82215435
207090834
207090850
82215469
207090868
82215515
207090882
207090902
82215606
82215607
207090925
207090937
82215608
207090949
497011620
82215646
207090975
207090990
82215688
207091008
497011828
82215779
207091024
497011836
82215780
82215784
497011936
207091042
82215785
207091060
497012025
82215787
207091089
82215788
497012185
207091109
82215797
207091126
82215934
207091144
82215970
497012318
207091166
207091185
497012394
497012484
207091209
497012491
207091226
497012557
82216000
82216001
497012601
82216002
207091244
207091251
207091265
82216134
207091288
82216137
207091302
82216139
207091313
207091327
207091345
82216145
207091359
207091384
82216292
207091403
82216296
207091423
207091442
82216320
207091457
82216322
207091471
82216409
207091496
82216410
207091504
207091527
207091546
207091559
82216464
207091576
82216507
207091592
82216534
497014208
82216597
207091606
497014304
207091631
497014357
207091646
497014418
82216599
497014477
207091663
207091683
497014638
207091696
82216689
207091711
497014751
207091727
82216764
497014843
207091755
497014925
82216766
497015000
207091770
82216769
207091798
82216786
497015084
207091826
497015175
497015183
207091845
497015195
497015273
207091869
82216879
497015321
207091879
82216924
497015450
207091898
82216925
497015455
207091914
82216928
207091940
497015640
82216929
207091957
497015735
207091976
82217023
497015785
207091982
82217095
207091997
497015890
497015892
207092013
207092033
497016028
207092050
207092065
82217181
207092083
207092094
207092113
82217271
207092134
82217274
207092160
82217276
82217277
207092177
82217278
207092194
82217413
207092207
82217453
207092228
82217456
207092240
82217460
207092254
207092272
82217472
82217473
207092282
207092291
207092309
82217572
207092325
82217610
207092339
82217613
207092358
82217614
207092373
82217629
207092390
207092402
82217641
207092419
82217724
207092432
82217743
82217774
207092448
82217775
207092461
82217777
82217797
207092476
82217801
207092492
82217802
82217805
207092510
207092527
207092540
82217933
207092555
82217944
207092579
82217947
82217949
207092593
207092619
207092636
82218041
82218097
207092649
207092665
207092688
82218108
207092700
82218136
207092721
82218137
207092739
82218216
207092759
207092774
82218273
207092797
207092806
82218288
207092826
82218320
207092839
207092856
82218410
82218417
207092871
207092881
82218466
82218468
82218469
207092893
82218478
207092906
82218485
82218486
207092924
82218487
207092942
82218580
207092961
207092976
207093004
82218626
207093027
207093045
82218649
207093060
494443790
497020514
497020609
207093073
497020647
207093088
497020699
207093108
207093121
207093136
497020947
497021003
207093147
207093154
82218780
82218802
207093171
82218803
497021107
207093189
497021138
207093202
497021202
207093218
82218931
497021304
207093233
82218948
497021365
207093246
82218951
497021462
207093267
497021481
207093279
82218952
207093289
497021616
207093313
82219085
207093322
497021738
207093341
82219087
497021846
82219088
207093360
82219090
497021956
207093383
497022045
207093391
497022086
207093409
207093429
82219241
207093439
82219242
82219246
207093465
82219247
207093480
82219248
207093490
207093513
