82214571
82214651
82214913
207090541
486653769
497009751
82214936
207090564
82215048
497009852
207090582
207090591
82215089
497010045
207090610
497010074
82215090
207090622
497010190
82215100
207090634
82215121
497010238
82215122
207090646
82215210
207090669
82215211
497010369
207090683
82215231
497010469
207090693
82215256
497010541
497010543
207090709
497010619
207090724
82215257
497010672
82215260
207090740
82215261
207090747
207090761
207090776
82215425
207090797
207090809
82215432
82215435
207090834
207090850
82215469
207090868
82215515
207090882
207090902
82215606
82215607
207090925
207090937
82215608
207090949
497011620
82215646
207090975
207090990
82215688
207091008
497011828
82215779
207091024
497011836
82215780
82215784
497011936
207091042
82215785
207091060
497012025
82215787
207091089
82215788
497012185
207091109
82215797
207091126
82215934
207091144
82215970
497012318
207091166
207091185
497012394
497012484
207091209
497012491
207091226
497012557
82216000
82216001
497012601
82216002
207091244
207091251
207091265
82216134
207091288
82216137
207091302
82216139
207091313
207091327
207091345
82216145
207091359
207091384
82216292
207091403
82216296
207091423
207091442
82216320
207091457
82216322
207091471
82216409
207091496
82216410
207091504
207091527
207091546
207091559
82216464
207091576
82216507
207091592
82216534
497014208
82216597
207091606
497014304
207091631
497014357
207091646
497014418
82216599
497014477
207091663
207091683
497014638
207091696
82216689
207091711
497014751
207091727
82216764
497014843
207091755
497014925
82216766
497015000
207091770
82216769
207091798
82216786
497015084
207091826
497015175
497015183
207091845
497015195
497015273
207091869
82216879
497015321
207091879
82216924
497015450
207091898
82216925
497015455
207091914
82216928
207091940
497015640
82216929
207091957
497015735
207091976
82217023
497015785
207091982
82217095
207091997
497015890
497015892
207092013
207092033
497016028
207092050
207092065
82217181
207092083
207092094
207092113
82217271
207092134
82217274
207092160
82217276
82217277
207092177
82217278
207092194
82217413
207092207
82217453
207092228
82217456
207092240
82217460
207092254
207092272
82217472
82217473
207092282
207092291
207092309
82217572
207092325
82217610
207092339
82217613
207092358
82217614
207092373
82217629
207092390
207092402
82217641
207092419
82217724
207092432
82217743
82217774
207092448
82217775
207092461
82217777
82217797
207092476
82217801
207092492
82217802
82217805
207092510
207092527
207092540
82217933
207092555
82217944
207092579
82217947
82217949
207092593
207092619
207092636
82218041
82218097
207092649
207092665
207092688
82218108
207092700
82218136
207092721
82218137
207092739
82218216
207092759
207092774
82218273
207092797
207092806
82218288
207092826
82218320
207092839
207092856
82218410
82218417
207092871
207092881
82218466
82218468
82218469
207092893
82218478
207092906
82218485
82218486
207092924
82218487
207092942
82218580
207092961
207092976
207093004
82218626
207093027
207093045
82218649
207093060
494443790
497020514
497020609
207093073
497020647
207093088
497020699
207093108
207093121
207093136
497020947
497021003
207093147
207093154
82218780
82218802
207093171
82218803
497021107
207093189
497021138
207093202
497021202
207093218
82218931
497021304
207093233
82218948
497021365
207093246
82218951
497021462
207093267
497021481
207093279
82218952
207093289
497021616
207093313
82219085
207093322
497021738
207093341
82219087
497021846
82219088
207093360
82219090
497021956
207093383
497022045
207093391
497022086
207093409
207093429
82219241
207093439
82219242
82219246
207093465
82219247
207093480
82219248
207093490
207093513
498093944
498094145
498094178
68368865
74247575
79123197
82291930
82641193
207322342
207322350
207322366
498094288
498094321
207322375
498094356
207322386
498094397
207322394
498094429
207322416
207322426
82641312
498094542
207322440
82641392
498094599
207322452
82641401
498094624
82641402
207322475
82641404
207322491
82641406
207322506
498094737
82641407
207322520
82641408
207322531
207322544
207322556
82641532
498094915
207322566
82641533
207322585
207322592
498095027
207322607
207322616
498095170
207322622
82641635
498095178
207322636
82641660
207322647
207322655
82641661
82641662
207322663
82641663
207322671
82641674
207322679
498095399
207322690
207322708
207322727
82641772
207322739
82641776
82641777
498095623
207322755
82641778
207322768
498095678
207322780
498095718
498095759
82641847
207322789
82641896
207322807
82641906
207322825
207322837
498095916
207322848
82641918
207322862
207322878
82641919
207322887
207322899
498096113
207322912
207322928
498096175
82642011
207322945
82642012
498096224
207322952
207322972
207322983
82642080
498096374
207322996
207323012
498096489
207323033
207323051
498096517
82642130
207323073
498096582
82642131
207323089
207323098
498096698
82642177
207323111
207323116
82642228
207323131
498096797
207323145
82642230
498096841
207323160
207323174
82642264
498096893
82642283
207323188
498096975
207323202
207323211
498097040
82642358
82642359
207323231
207323238
498097120
207323252
207323265
82642361
207323278
82642398
207323283
207323291
498097270
207323304
498097280
207323321
82642472
207323328
498097399
498097423
207323344
207323358
82642481
498097477
207323365
207323375
207323397
82642571
207323417
82642572
207323429
498097662
82642573
207323441
498097723
207323453
498097752
207323471
82642599
207323482
82642645
82642667
82642668
207323493
82642679
207323499
207323513
207323527
82642709
207323544
82642710
207323555
498098066
207323569
82642756
207323575
207323582
82642802
207323594
498098221
207323611
82642803
207323626
207323641
207323655
82642868
498098394
207323668
207323679
498098480
207323693
498098510
207323695
82642909
207323708
498098610
207323721
82642939
207323737
498098659
207323748
498098699
207323763
498098730
207323771
82643039
498098776
82643040
498098783
207323783
498098816
207323802
498098851
207323813
82643085
498098914
207323829
82643118
82643129
207323846
207323850
207323862
207323883
82643131
82643155
207323894
498099119
82643156
207323899
82643206
207323915
207323931
498099260
82643251
82643253
207323943
82643254
207323953
498099348
82643255
207323964
82643256
207323979
82643257
82643284
207323992
207324003
82643314
207324020
207324029
82643384
207324050
207324066
82643385
207324071
498099696
207324083
207324099
207324105
82643502
207324119
498099852
498099895
207324132
82643511
207324144
207324148
207324159
82643519
498100010
207324173
82643538
207324185
207324199
207324210
207324221
82643677
207324231
498100197
207324249
82643702
207324262
82643731
82643732
207324271
207324289
82643828
82643830
207324298
498100390
207324312
82643836
207324326
207324344
498100512
207324350
207324361
207324376
207324385
207324397
207324407
82643994
207324414
82644057
207324437
207324445
82644093
207324459
207324468
498100912
207324479
207324489
498100965
207324502
207324513
207324529
207324537
207324546
82644289
207324555
207324559
498101262
207324570
82644335
207324579
207324588
82644394
82644428
207324605
498101389
207324612
207324619
82644452
207324629
207324644
207324652
207324660
498101588
207324674
498101636
82644588
207324686
207324697
82644598
498101705
207324703
207324712
207324724
498101845
207324732
207324744
82644705
207324755
82644715
207324770
207324781
82644716
207324793
498102088
498102116
82644774
82644850
498102228
498102264
82644860
82644861
498102335
82644874
82645004
82645031
82645036
498102542
82645047
498102561
82645075
82645182
82645184
498102824
498102834
82645336
498102960
498102985
82645338
498103153
498103173
498103208
498103276
82645503
498103371
82645504
82645506
498103541
498103568
